 C                  2.75769813   -0.08260284   -0.15120478
 O                  1.32054090   -0.11944659    0.06703392
 C                  0.70559960   -1.37915639   -0.27981513
 C                 -0.70565713   -1.37918562    0.27980753
 H                  1.27746421   -2.20851536    0.16040539
 H                  0.70360511   -1.48776194   -1.37493955
 O                 -1.32056675   -0.11949451   -0.06695013
 H                 -0.70367699   -1.48791713    1.37492221
 H                 -1.27751742   -2.20852228   -0.16047806
 C                 -2.75770591   -0.08259761    0.15114385
 C                 -3.26472156    1.30877420   -0.16741552
 H                 -2.95626612   -0.35607417    1.19819295
 H                 -3.21551295   -0.83742103   -0.50370617
 H                 -2.82974022    2.06245692    0.50628197
 H                 -4.35268374    1.34168103   -0.02703667
 H                 -3.05460442    1.58072418   -1.21064233
 C                  3.26483233    1.30869353    0.16747261
 H                  2.95613578   -0.35597218   -1.19830390
 H                  3.21549120   -0.83751899    0.50353915
 H                  2.83009215    2.06245860   -0.50627767
 H                  4.35283373    1.34145250    0.02732927
 H                  3.05455396    1.58062480    1.21067205
 Li                -0.00008008    1.18609408   -0.00018676