 C                  3.10685744   -0.74406945   -0.00384928
 O                  1.70973912   -0.42205542   -0.17360067
 C                  1.36375887    0.89756652    0.30802068
 C                 -0.02715887    1.23222749   -0.19789659
 H                  2.08454990    1.63324709   -0.07652569
 H                  1.40348782    0.89751709    1.40782211
 O                 -0.88012676    0.09832746    0.06676970
 H                 -0.02352896    1.43519590   -1.27950722
 H                 -0.40665851    2.11857923    0.33048835
 C                 -2.29952863    0.37227370   -0.09802837
 C                 -3.07327838   -0.91079435    0.12343474
 H                 -2.45906225    0.77251656   -1.11030318
 H                 -2.57849033    1.14254017    0.63470509
 H                 -2.81647995   -1.67364103   -0.62706390
 H                 -4.14769909   -0.71051998    0.02340270
 H                 -2.90133952   -1.31146016    1.13159785
 H                  3.25436042   -1.75863994   -0.38723429
 H                  3.38236591   -0.70065430    1.05913524
 H                  3.72133766   -0.04077263   -0.58070100
 Li                 0.14211850   -1.43243595   -0.15375182