 C                  3.03958998   -1.07519792   -0.02827375
 O                  1.73931298   -0.45733680   -0.12744333
 C                  1.74871343    0.94530135    0.21647176
 C                  0.41876551    1.53332888   -0.21521126
 H                  2.56742773    1.45476714   -0.31197884
 H                  1.90269620    1.05114780    1.30109334
 O                 -0.60137083    0.66811557    0.32223555
 H                  0.33587198    1.55348267   -1.31273846
 H                  0.30475230    2.55473383    0.17538502
 C                 -1.92362805    0.83553388   -0.20984750
 C                 -2.69441021   -0.39274777    0.21574636
 H                 -1.87818724    0.91353075   -1.30705554
 H                 -2.40543792    1.73889952    0.19529545
 F                 -1.88951848   -1.54083165   -0.15519648
 H                 -3.65005119   -0.49860553   -0.30652896
 H                 -2.82420175   -0.46613538    1.30059061
 H                  2.91962585   -2.12740762   -0.30515312
 H                  3.42172196   -0.99993898    0.99954605
 H                  3.73695834   -0.59047141   -0.72422988
 Li                -0.02107701   -1.16001954    0.08696373