 C                 -3.40968561    1.16904608   -0.10567698
 O                 -2.12865745    0.50388441   -0.15459771
 C                 -2.20241781   -0.89682129    0.18805207
 C                 -0.88513017   -1.53761483   -0.20525250
 H                 -3.02371574   -1.37549592   -0.36455295
 H                 -2.39245769   -0.99662711    1.26745496
 O                  0.15304637   -0.70142108    0.35125342
 H                 -0.77124050   -1.57046692   -1.29935181
 H                 -0.81580598   -2.55720081    0.19944904
 C                  1.48143084   -0.96198415   -0.10564783
 C                  2.31647425    0.22381783    0.35260799
 H                  1.51872409   -1.02253113   -1.20438762
 H                  1.88180896   -1.88987675    0.32784858
 F                  1.57109918    1.40710767    0.03740875
 F                  3.46510176    0.28833337   -0.34088475
 H                  2.52131289    0.28590350    1.42770737
 H                 -3.24055467    2.21581656   -0.37717525
 H                 -3.83336212    1.10815628    0.90653430
 H                 -4.09559256    0.70883671   -0.82887875
 Li                -0.35802182    1.14538257    0.11963135