 C                 -1.70865299    0.99186367   -0.31371164
 O                 -0.38174331    0.91948556    0.19738944
 C                  0.54284254    1.92290938   -0.28274487
 C                  1.91071273    1.51705479    0.23410723
 H                  0.26349225    2.91446071    0.09991306
 H                  0.51847513    1.93319677   -1.38285343
 O                  2.09347111    0.11938908   -0.06614750
 H                  1.98955077    1.66975887    1.32096901
 H                  2.68419787    2.11668184   -0.26706141
 C                  3.46167883   -0.34599198    0.10599917
 C                  3.50269963   -1.83842938   -0.14931593
 H                  3.78418598   -0.10157827    1.12895209
 H                  4.09547164    0.20232440   -0.60533580
 H                  2.89266187   -2.39118425    0.58107425
 H                  4.53392381   -2.19868707   -0.04342677
 H                  3.16927918   -2.07907940   -1.16787274
 C                 -2.34338416   -0.35406975    0.01119310
 H                 -1.71344436    1.12799183   -1.40521586
 H                 -2.29017453    1.79083825    0.16717367
 F                 -1.42629485   -1.37080299   -0.33263246
 F                 -3.45083975   -0.57621455   -0.68453823
 F                 -2.58867934   -0.51907750    1.31445848
 Li                 0.45850131   -0.82029524    0.07166529