 C                  3.63807972   -1.20137352   -0.03817090
 O                  2.37470893   -0.50964483   -0.15432767
 C                  2.44593798    0.87389482    0.25237580
 C                  1.17175954    1.55667771   -0.20652291
 H                  3.31257858    1.35956962   -0.21879940
 H                  2.55769816    0.92537202    1.34588696
 O                  0.08353917    0.71070936    0.23081665
 H                  1.13825327    1.64444262   -1.30290646
 H                  1.08598415    2.55504151    0.24475786
 C                 -1.21370772    1.05752360   -0.24500912
 C                 -2.08069027   -0.16926700    0.00718527
 H                 -1.20420606    1.26523724   -1.32507448
 H                 -1.63343371    1.91483618    0.29951748
 F                 -1.36608798   -1.31057885   -0.42018573
 F                 -3.21576448   -0.14068425   -0.67788613
 H                  3.47222695   -2.23295600   -0.36428645
 H                  3.98566009   -1.18875210    1.00422881
 H                  4.38293788   -0.72597786   -0.68953872
 Li                 0.58591980   -1.13509557   -0.01969554
 F                 -2.33922744   -0.37371205    1.30187635