 C                 -2.56339036    0.61954197   -0.49645967
 O                 -1.29318092    0.91089677    0.08299995
 C                 -0.69738938    2.16517882   -0.29899072
 C                  0.69741369    2.16518146    0.29895380
 H                 -1.28220511    3.00854455    0.09527899
 H                 -0.65711562    2.23049081   -1.39703161
 O                  1.29309492    0.91076788   -0.08278481
 H                  0.65718804    2.23072739    1.39698094
 H                  1.28227754    3.00841782   -0.09552230
 C                  2.56347069    0.61957054    0.49638147
 C                  2.81151261   -0.85476163    0.24012205
 H                  2.55262719    0.80323583    1.58207734
 H                  3.36512364    1.21222452    0.03134799
 F                  1.63395518   -1.55386772    0.61542167
 H                  3.63785479   -1.29345216    0.81027417
 F                  2.97873426   -1.10568910   -1.08239124
 C                 -2.81148652   -0.85475527   -0.24017370
 H                 -2.55229985    0.80310842   -1.58217415
 H                 -3.36519856    1.21220281   -0.03169996
 F                 -1.63385004   -1.55386852   -0.61531612
 H                 -3.63771664   -1.29343821   -0.81049425
 F                 -2.97889965   -1.10569591    1.08229987
 Li                -0.00002987   -0.59434106    0.00003822