 C                 -2.35584787    0.87666519   -0.20166020
 O                 -1.00136778    1.05765899    0.19933264
 C                 -0.39916762    2.31521006   -0.17350895
 C                  1.05793871    2.21806207    0.23715589
 H                 -0.88935000    3.14783257    0.35047357
 H                 -0.49940697    2.45670583   -1.26021272
 O                  1.54637429    0.97492612   -0.30594722
 H                  1.15911448    2.20037214    1.33280555
 H                  1.62682113    3.06738679   -0.16710448
 C                  2.84754286    0.57958233    0.13350252
 C                  3.04127676   -0.84291054   -0.36754086
 H                  2.91285348    0.58406482    1.23256463
 H                  3.62867962    1.23108184   -0.28448136
 F                  1.84511441   -1.56147716   -0.06354102
 H                  3.18888406   -0.95817121   -1.44772919
 C                 -2.65635149   -0.59775358    0.03158572
 H                 -2.49212161    1.09857068   -1.27041107
 H                 -3.04586331    1.48498859    0.39983204
 F                 -1.59197978   -1.35582471   -0.48430283
 F                 -3.76066839   -0.99253534   -0.59156405
 F                 -2.73381687   -0.91646319    1.32845194
 Li                 0.20919728   -0.48256354   -0.13101450
 F                  4.04250585   -1.44247244    0.30018022