 C                  3.60329537   -0.89661268   -0.01073980
 O                  2.23033822   -0.48211085   -0.17430344
 C                  1.97803139    0.86136544    0.29970088
 C                  0.60764430    1.28439538   -0.19655651
 H                  2.74322449    1.54396576   -0.09681773
 H                  2.02781064    0.86663528    1.39907577
 O                 -0.31276669    0.20926794    0.08188320
 H                  0.61523259    1.48104090   -1.27933533
 H                  0.29107365    2.19628177    0.32980878
 C                 -1.71331309    0.55905433   -0.09002820
 C                 -2.56124154   -0.68136149    0.13403068
 H                 -1.84976506    0.96134494   -1.10555032
 H                 -1.95635975    1.34726385    0.63729447
 H                 -2.27426596   -1.45408254   -0.59978793
 C                 -4.05935251   -0.38512005   -0.00749334
 H                 -2.35465680   -1.07961762    1.13904488
 H                 -4.29963372   -0.00468195   -1.00961185
 H                 -4.38738426    0.36008018    0.72970719
 H                 -4.64653250   -1.29678775    0.15490498
 H                  3.67984777   -1.92079909   -0.38928669
 H                  3.88786831   -0.86635293    1.05037036
 H                  4.26058846   -0.23952023   -0.59488936
 Li                 0.59733210   -1.38745097   -0.13301585